image_width: 640
image_height: 480
camera_name: prosilica
camera_matrix:
  rows: 3
  cols: 3
  data: [1886.849633,0, 448.589891,0,1910.422901,445.059852, 0, 0, 1]
distortion_model: plumb_bob
distortion_coefficients:
  rows: 1
  cols: 5
  data: [-0.058805, 1.153270, 0.000323, -0.023318, 0]
rectification_matrix:
  rows: 3
  cols: 3
  data: [1, 0, 0, 0, 1, 0, 0, 0, 1]
projection_matrix:
  rows: 3
  cols: 4
  data: [1916.078120,0, 443.117654, 0,0, 1938.531134, 443.971643,0,0, 0, 1, 0]
